8
Pintu Masuk ITB -6.893194719054599, 107.61043792489653
Pertigaan Tamansari -6.8938593825294925, 107.60845619489565
Pertigaan Borromeus -6.893753036436151, 107.61293517249902
Ujung Tamansari Food Fest -6.887870730916851, 107.60828212400365
Pertigaan Dayang Sumbi -6.887199412310427, 107.61147565512664
Pertigaan Juanda -6.88739881395713, 107.61351094542155
Pertigaan McD Dago -6.885192622300306, 107.61362362899371
Pertigaan Siliwangi -6.884902360324478, 107.61145627481227

0 1 1 0 0 0 0 0
1 0 0 1 0 0 0 0
1 0 0 0 0 1 0 0
0 1 0 0 1 0 0 0
0 0 0 1 0 1 1 1
0 0 1 0 1 0 1 0
0 0 0 0 1 1 0 1
0 0 0 0 1 0 1 0